length of text, length of pattern, Boyer-Moore, Naive
768,8,5,14
335,4,3,6
236,161,4,2
736,12,4,13
689,106,3,9
199,10,1,4
440,118,3,6
599,37,2,10
105,89,3,0
81,108,3,0
660,12,3,12
160,70,2,2
371,112,2,4
113,40,1,1
715,18,3,13
654,4,7,12
340,151,4,3
491,170,5,5
604,42,2,10
28,194,5,0
321,5,3,6
478,170,4,5
700,54,3,11
762,100,3,12
566,197,5,6
199,97,3,2
355,181,4,3
63,56,2,0
500,127,4,6
19,149,4,0
42,127,3,0
216,112,3,2
760,54,4,24
535,69,3,8
223,26,2,3
663,30,2,11
115,143,3,0
228,141,3,1
283,169,4,3
419,5,4,8
595,118,3,8
307,92,3,3
20,47,2,0
170,89,3,1
20,86,2,0
11,4,1,0
635,117,3,9
727,189,5,9
211,92,2,2
415,112,3,5
213,80,2,2
42,186,4,0
610,141,4,8
789,77,13,12
786,190,6,10
747,1,28,14
706,20,2,13
407,79,2,5
495,119,4,6
366,73,2,5
281,40,2,4
560,74,2,8
602,197,4,7
595,12,3,10
322,196,4,2
307,129,3,3
392,62,2,5
495,177,5,5
82,88,2,0
428,166,4,4
513,181,5,5
721,23,2,11
691,173,5,10
488,178,4,5
380,3,6,7
54,27,1,0
507,192,5,5
256,171,4,2
398,102,3,5
484,195,5,5
345,139,3,3
558,109,3,7
315,24,2,5
772,93,3,11
789,49,3,12
721,16,3,13
234,67,2,3
705,172,4,9
22,160,4,0
443,107,2,5
497,150,3,5
488,138,4,6
43,2,1,1
215,126,3,2
75,9,0,1
354,64,2,5
223,9,1,4
148,89,2,1
580,125,3,8
179,143,4,1
290,40,2,4
4,173,4,0
44,76,2,0
90,55,1,1
623,138,4,8
309,136,4,3
458,193,4,4
431,120,3,6
60,68,2,0
392,142,4,4
52,116,3,0
472,113,3,5
615,36,2,9
305,11,2,5
593,78,3,8
276,107,3,3
558,134,4,7
640,173,4,7
220,182,4,1
570,53,2,9
276,164,4,2
151,39,2,2
423,75,3,6
687,86,3,10
294,44,2,4
405,63,2,6
102,131,4,0
479,3,6,9
238,70,3,3
623,34,2,10
408,2,8,8
738,34,2,12
41,83,2,0
305,7,2,6
690,73,2,10
299,66,2,4
39,127,3,0
115,22,1,1
684,193,5,8
789,150,4,11
170,109,3,1
397,135,3,4
569,73,2,9
36,121,3,0
538,96,3,7
751,196,15,44
422,159,4,5
58,160,4,0
266,37,2,4
438,46,2,7
674,15,3,12
273,198,5,1
89,176,5,0
84,30,1,1
417,75,2,6
771,115,4,11
795,11,3,14
741,75,3,12
71,46,1,1
514,103,3,7
426,76,3,6
672,132,3,9
237,86,3,2
783,46,3,13
587,196,6,7
305,93,2,4
763,93,3,11
279,46,1,5
800,136,4,11
569,16,2,11
465,66,2,7
519,187,5,5
138,13,1,3
472,7,5,9
768,158,5,10
590,23,2,9
140,98,2,1
428,109,3,5
199,137,3,1
749,59,3,11
676,38,2,11
428,152,4,5
343,111,4,4
58,128,3,0
57,198,5,0
758,117,5,58
687,127,6,9
256,178,5,2
265,42,1,4
544,83,13,7
430,10,2,11
360,29,1,5
619,68,3,25
257,93,3,3
572,46,2,9
511,93,3,7
15,27,1,0
241,78,3,3
506,189,5,6
432,136,5,8
481,106,3,7
344,103,3,4
201,107,2,2
596,44,3,9
394,78,3,5
583,5,6,10
3,49,2,0
63,200,4,0
783,192,17,45
266,79,3,4
609,5,5,11
508,30,2,8
415,119,3,5
375,160,4,4
631,179,5,8
243,52,1,3
71,12,1,1
725,71,3,12
757,9,4,14
204,188,5,1
393,6,3,7
63,83,4,0
626,28,3,10
350,86,2,5
430,105,3,5
211,161,4,1
301,174,5,3
445,62,3,7
688,131,4,10
642,104,3,10
237,125,3,2
382,51,2,6
783,108,4,11
288,152,4,3
549,40,2,9
621,79,3,9
41,142,3,0
1,18,1,0
5,23,1,0
427,65,3,6
789,49,3,13
635,56,2,10
688,81,3,10
30,92,3,0
269,168,5,2
591,62,2,9
323,81,3,4
322,21,2,5
279,174,4,1
653,53,3,10
747,143,4,10
423,34,3,7
132,29,2,3
693,51,3,11
494,38,2,7
668,163,4,9
697,66,2,10
379,155,4,4
529,154,4,6
208,44,2,2
448,107,3,6
519,106,3,7
612,153,4,7
632,106,4,9
449,126,4,5
76,1,3,2
410,60,2,8
357,103,3,4
290,99,3,3
522,127,3,6
61,154,4,0
203,48,2,2
469,173,4,5
192,40,2,3
200,76,2,2
338,71,3,5
74,10,1,2
335,199,5,3
443,26,2,17
129,157,3,0
543,139,3,7
423,188,4,3
419,55,2,5
800,160,4,11
743,170,4,9
537,184,5,5
138,123,3,1
665,77,3,9
520,194,5,5
219,78,2,2
30,77,2,0
117,48,1,1
505,171,4,5
312,50,2,4
741,119,5,27
175,67,2,2
132,151,3,0
702,159,4,9
758,175,4,9
229,129,3,1
278,196,5,1
338,63,2,4
234,123,3,2
494,139,4,5
453,175,4,4
18,111,2,0
535,65,3,7
339,182,4,2
66,36,1,1
445,16,2,7
587,44,2,9
134,181,4,0
772,106,3,10
404,182,4,3
249,1,8,4
85,125,3,0
537,5,5,9
2,114,3,0
108,131,3,0
210,151,3,1
790,71,3,11
518,62,2,8
206,51,2,3
734,123,3,10
738,162,4,9
54,126,3,0
630,36,2,9
558,99,3,7
263,171,4,2
303,28,2,4
407,58,2,5
422,23,1,6
759,60,2,11
650,198,7,7
298,64,1,3
430,157,3,4
292,136,3,2
449,95,3,5
785,106,2,10
3,107,3,0
681,191,5,7
373,83,2,5
585,186,4,6
218,165,4,1
348,60,2,4
395,107,2,5
541,183,4,5
318,196,4,2
87,86,2,0
453,128,3,5
250,70,2,3
126,186,4,0
625,84,3,8
491,148,3,6
7,12,0,0
468,141,4,5
151,132,3,0
525,175,4,6
179,68,2,2
69,158,4,0
437,37,3,17
10,48,2,0
545,68,3,11
701,132,5,13
172,171,6,0
191,132,3,1
76,5,1,1
95,157,3,0
717,109,3,10
280,142,4,2
487,95,3,6
256,11,2,6
623,39,1,9
385,133,3,4
26,84,2,0
338,96,2,4
627,9,3,11
63,77,2,0
378,187,4,2
608,176,4,7
295,92,2,3
276,20,1,5
65,159,4,0
452,115,3,5
697,167,4,9
514,98,2,7
484,110,3,6
344,144,3,3
88,104,3,0
408,133,3,5
752,161,4,9
640,106,3,8
57,61,1,0
557,50,2,8
61,105,2,0
372,142,3,4
435,87,3,5
20,194,4,0
437,12,2,7
104,35,2,1
503,92,2,7
198,36,2,2
163,162,3,0
441,85,3,6
573,82,3,8
46,109,3,0
437,181,4,4
399,143,3,4
789,152,4,10
350,40,1,5
218,139,3,2
633,200,5,6
180,12,1,3
776,61,2,11
630,157,4,7
5,84,2,0
216,158,4,1
729,33,2,11
16,55,1,0
304,125,3,3
561,81,3,7
248,185,4,1
782,136,4,10
604,145,3,7
505,6,4,8
348,190,4,2
694,17,2,12
616,191,32,7
755,123,5,15
262,91,3,2
534,97,3,6
75,91,2,0
81,67,2,1
386,26,1,7
271,151,3,2
784,107,3,10
351,197,4,3
715,80,2,9
39,142,6,0
377,139,3,4
185,169,4,0
579,95,4,7
376,163,4,4
726,82,3,10
547,170,4,6
688,131,3,8
502,178,4,5
361,165,3,3
697,132,3,9
464,145,4,5
669,15,2,12
700,178,4,10
417,76,2,6
617,162,5,10
230,180,4,1
182,176,4,0
790,27,2,12
124,27,2,1
772,132,3,10
166,137,5,0
670,108,5,13
312,175,6,3
275,40,1,4
223,180,4,1
166,134,3,1
728,72,4,16
303,170,4,2
632,155,4,7
634,126,3,8
443,84,3,5
783,158,5,9
39,130,2,1
489,112,2,5
645,151,6,12
420,152,4,4
93,178,4,0
799,18,2,14
107,104,3,0
617,5,4,10
624,74,2,9
429,52,2,6
782,135,3,10
206,151,3,0
651,2,12,11
291,20,2,4
651,138,4,8
350,116,3,4
717,43,2,10
371,91,3,4
272,150,4,2
316,190,4,2
378,82,2,4
347,19,2,5
350,155,3,3
654,24,2,9
602,11,3,9
287,72,2,3
40,181,4,0
279,141,3,2
1,74,2,0
561,40,1,8
280,114,3,3
203,142,4,1
211,105,2,2
566,126,3,7
86,195,5,0
265,146,3,2
780,155,4,10
53,24,1,0
619,57,3,9
309,129,3,3
210,30,1,3
181,61,2,2
34,87,2,0
678,185,5,8
734,79,3,10
411,180,4,3
461,15,2,8
529,18,2,9
131,78,2,1
107,4,1,1
642,24,2,9
10,165,4,0
253,97,2,2
1,135,3,0
738,196,4,9
147,62,1,2
275,196,4,2
158,178,4,0
110,73,2,0
122,47,10,2
580,29,3,14
185,143,5,1
395,86,2,5
771,130,3,11
31,80,2,0
696,119,4,9
86,34,1,1
27,189,4,0
89,23,1,1
615,137,3,7
389,95,2,5
773,45,2,11
307,48,2,4
329,24,1,5
548,53,2,8
500,180,5,5
759,35,2,11
402,182,4,3
293,179,4,2
453,171,4,5
172,132,3,1
109,81,2,1
103,179,4,0
356,151,4,3
11,199,4,0
531,168,4,6
5,28,1,0
38,43,1,0
157,124,3,0
167,24,1,2
5,17,1,0
240,157,3,1
616,55,2,9
775,90,3,11
255,157,4,1
626,51,2,9
357,109,3,4
222,200,4,1
344,53,2,4
622,187,4,7
218,89,2,2
161,63,1,2
358,195,4,3
793,149,3,10
512,120,3,6
178,108,3,1
696,34,2,10
518,48,2,7
97,32,1,1
564,99,3,7
587,164,4,6
271,127,3,2
42,44,2,0
250,161,3,2
85,155,3,1
634,73,3,8
708,104,3,10
20,177,4,0
230,164,4,1
328,91,3,3
90,123,2,0
188,84,2,2
223,186,4,0
310,140,3,2
707,59,2,9
403,173,4,4
349,9,2,6
366,64,2,4
92,22,1,1
543,195,4,5
680,185,4,7
654,103,3,8
24,153,3,0
397,126,2,3
647,101,3,8
706,123,3,9
18,75,1,0
785,136,3,9
402,43,2,5
236,62,2,2
774,58,3,10
551,15,2,9
4,79,2,0
534,142,4,5
501,159,3,4
443,160,4,4
628,20,2,9
501,34,2,7
338,135,3,3
196,122,2,1
278,2,5,5
625,73,2,8
429,94,2,5
242,193,4,1
609,5,5,9
485,68,2,6
392,95,3,4
136,80,2,1
101,178,3,0
446,125,3,4
89,39,1,1
238,198,4,0
360,115,3,3
356,73,2,4
559,25,2,8
753,114,3,9
44,125,3,0
300,78,2,3
582,132,3,7
765,169,4,8
717,86,2,10
39,197,4,0
308,169,3,2
322,27,1,4
512,90,2,7
577,15,2,9
769,114,3,10
719,161,4,8
265,187,4,1
251,4,3,4
208,105,2,2
671,121,2,8
451,18,2,7
210,153,3,0
531,16,2,8
258,65,2,3
796,95,3,10
55,4,1,1
700,72,2,9
168,192,3,0
399,181,4,3
167,23,1,2
697,193,4,7
770,38,2,11
575,31,1,8
358,120,3,3
349,91,2,4
94,110,2,0
22,15,0,0
617,154,3,7
182,157,3,0
319,152,3,3
61,149,3,0
533,126,3,6
549,62,2,7
574,114,3,7
318,21,1,5
158,194,4,0
7,40,1,0
752,184,5,8
616,63,2,8
169,158,4,0
684,78,2,9
339,33,1,4
718,17,2,11
626,115,2,7
325,61,2,4
81,125,2,0
187,101,2,2
35,158,3,1
189,136,3,1
591,17,2,9
574,162,4,6
475,116,2,5
660,128,3,7
471,183,4,4
152,21,1,2
567,152,3,6
713,170,4,8
550,114,3,6
773,196,4,8
284,86,2,3
695,64,2,9
649,151,3,7
143,14,1,2
319,189,3,1
673,117,3,8
181,27,1,3
737,9,3,11
702,135,3,8
413,7,2,7
402,194,4,3
374,190,4,3
201,33,2,2
594,187,4,6
378,16,1,6
697,126,3,9
198,123,3,1
670,149,4,7
762,140,4,9
776,4,6,11
78,19,1,1
116,159,3,0
536,80,2,7
697,67,2,9
527,61,2,7
324,89,2,3
543,137,4,6
594,187,4,6
304,98,2,3
496,82,2,6
592,92,2,7
494,62,2,6
472,135,3,5
44,181,3,0
29,85,2,0
109,66,2,1
773,38,3,13
509,48,2,7
466,186,4,4
254,25,1,4
53,89,2,0
206,169,3,1
349,96,2,4
599,9,3,9
5,25,1,0
617,55,2,8
573,86,2,7
87,195,3,0
374,163,3,3
636,34,2,9
118,47,1,1
575,73,2,7
443,102,2,5
719,179,4,7
177,135,3,1
82,48,1,1
410,62,2,6
778,102,2,10
619,131,3,7
360,156,4,3
256,10,1,4
549,14,2,9
18,45,1,0
450,154,3,5
300,109,2,3
444,174,4,4
350,197,4,2
407,27,2,5
577,59,1,8
155,4,1,2
762,58,2,10
553,197,5,5
636,146,4,7
681,113,3,8
215,180,3,0
518,104,2,6
378,117,2,3
552,123,3,6
640,7,3,10
521,120,3,6
564,68,2,7
794,165,3,9
638,129,3,8
776,93,3,10
172,13,1,3
45,42,1,0
56,64,1,0
417,180,3,3
15,163,3,0
230,31,1,3
481,7,4,11
224,122,5,2
750,7,6,17
232,66,3,4
659,149,4,7
203,37,2,2
205,45,2,2
762,29,3,12
689,84,2,10
470,166,4,4
144,186,3,0
390,33,1,5
527,140,3,5
141,189,4,0
673,83,2,9
231,196,4,1
729,149,4,8
464,23,1,7
616,164,4,6
546,26,2,7
516,180,3,4
779,162,3,9
249,85,2,2
779,172,4,9
620,32,2,9
112,132,2,0
798,150,4,9
247,124,3,2
717,56,3,9
163,196,4,0
689,124,3,8
793,166,3,9
280,42,1,4
708,183,5,7
172,59,1,1
749,149,4,9
23,61,2,0
590,167,3,7
635,11,2,10
567,28,1,8
397,190,4,3
297,122,2,3
270,159,4,1
502,138,3,6
387,125,2,4
661,19,2,10
65,65,2,0
200,195,4,0
683,129,3,8
573,79,2,7
447,8,3,7
289,40,1,4
47,67,2,0
281,99,2,3
691,4,8,12
245,157,5,2
489,78,2,6
764,105,2,9
319,152,3,2
81,168,4,0
527,21,2,8
224,17,1,3
208,167,4,0
68,102,3,0
375,43,1,5
302,60,2,4
786,149,4,9
523,146,4,5
241,186,3,1
410,49,2,5
609,176,4,6
31,79,2,0
765,151,4,9
219,179,4,1
534,72,2,6
24,161,3,0
413,58,2,6
609,177,4,6
155,50,2,1
587,52,2,8
592,87,2,7
623,14,2,9
296,136,3,2
691,54,2,9
98,160,3,0
547,138,3,6
603,42,2,8
419,101,2,5
589,193,4,5
7,82,2,0
48,92,2,0
363,124,3,4
380,134,3,4
467,164,4,4
379,181,4,3
46,12,1,1
236,119,3,2
632,84,2,8
618,149,3,6
170,5,1,3
370,127,3,3
564,67,1,7
570,43,2,8
590,122,3,6
103,5,1,2
333,1,11,5
553,188,4,6
641,73,2,8
535,196,4,5
72,194,4,0
293,185,4,2
372,47,1,5
429,180,4,4
614,92,2,8
278,127,3,2
488,132,3,5
296,10,1,5
225,41,1,3
232,82,2,3
622,57,2,8
297,94,2,2
190,50,2,2
167,143,3,0
744,168,3,8
269,58,1,3
318,76,2,4
700,44,2,9
144,136,3,1
744,174,3,9
308,179,4,2
245,152,3,2
117,86,2,0
160,124,2,1
782,1,25,13
198,108,3,1
548,60,2,7
501,183,4,5
475,48,2,6
699,176,4,7
43,50,1,0
609,176,3,6
698,47,2,9
590,178,4,6
784,157,4,9
409,116,3,4
436,85,2,6
304,96,2,3
635,129,3,8
491,198,4,5
652,195,4,7
95,40,1,1
207,52,1,2
39,139,2,0
467,69,2,6
638,75,2,8
439,170,4,4
547,2,10,9
707,17,2,11
259,80,2,2
703,115,3,9
703,108,3,9
783,29,2,11
38,163,3,0
445,155,4,4
800,16,2,13
740,96,3,9
411,181,4,4
119,144,3,0
421,38,2,5
388,106,2,4
478,85,2,5
649,83,3,8
310,51,2,3
428,143,4,4
489,45,2,6
187,103,2,2
730,26,2,10
223,12,1,3
608,70,2,8
80,3,1,1
586,145,3,7
478,5,4,7
93,25,1,1
137,15,1,2
84,25,1,1
470,58,2,6
760,1,25,12
746,170,4,8
277,68,2,3
63,105,3,0
343,180,4,2
191,130,3,1
322,74,2,3
165,14,1,3
184,39,1,2
120,169,3,0
583,51,1,7
35,61,2,0
113,78,1,0
472,59,2,6
370,147,3,3
522,22,1,8
411,51,1,5
509,173,3,4
8,12,1,0
636,129,3,8
211,187,4,0
655,12,2,10
423,175,4,3
368,164,3,3
785,67,2,10
609,164,3,6
488,6,3,8
355,198,4,2
717,153,3,9
571,104,2,6
91,122,3,0
178,118,2,1
499,109,2,6
785,72,2,10
279,132,3,3
562,107,3,6
656,17,2,9
774,200,4,9
68,4,1,1
244,83,2,2
782,107,3,9
491,144,3,5
125,156,3,0
463,158,3,5
343,33,1,5
113,178,4,0
606,197,4,5
95,92,3,0
299,29,1,4
56,166,3,0
719,71,2,9
685,89,3,8
655,152,3,8
261,85,2,2
265,177,4,1
580,138,3,6
309,20,1,5
769,141,3,9
165,122,2,1
505,5,4,8
321,22,1,5
414,196,4,3
219,184,4,0
361,178,4,3
68,3,1,1
422,13,2,7
332,91,2,4
529,68,2,6
483,102,2,6
9,179,3,0
575,99,3,7
501,59,2,6
519,31,1,7
690,116,3,8
219,143,3,1
406,184,4,3
562,56,2,7
590,197,5,5
536,176,4,5
462,60,1,5
2,123,2,0
11,7,1,0
697,102,3,9
800,139,3,10
392,154,4,3
748,165,3,9
115,132,3,0
683,122,3,8
175,70,2,2
174,174,4,0
577,102,3,7
35,2,1,0
65,103,2,0
511,136,3,6
572,55,3,7
253,130,3,2
94,10,1,2
110,32,2,1
408,162,3,3
357,137,3,3
427,22,1,6
94,43,2,1
50,91,2,0
700,176,4,8
277,119,2,3
718,67,2,9
445,122,4,4
197,120,13,1
95,122,3,0
247,37,1,3
428,68,2,6
609,86,3,7
475,162,3,5
279,54,2,3
450,182,4,4
715,116,3,8
293,66,2,3
72,74,1,0
198,17,1,3
782,48,2,10
399,24,1,6
787,93,2,10
145,149,4,0
104,187,4,0
724,55,2,10
418,92,2,5
384,137,3,3
757,161,4,8
366,192,4,2
428,167,4,4
60,157,3,0
304,111,3,3
268,153,3,2
24,189,4,0
736,47,2,9
361,100,2,3
703,73,2,9
238,1,8,4
540,157,3,6
248,47,2,3
352,134,3,3
496,33,2,7
103,118,3,0
767,166,4,9
402,161,3,3
217,132,3,1
775,75,2,10
344,161,4,3
709,178,4,8
74,52,1,1
99,66,2,1
31,69,1,0
620,121,3,7
34,55,2,0
775,31,1,11
711,167,3,7
671,10,3,11
570,52,2,8
679,171,4,7
795,8,4,12
514,52,1,7
281,104,2,2
87,38,1,1
243,124,3,2
610,15,2,9
196,40,1,3
304,196,4,2
158,195,4,0
718,31,2,10
470,60,2,6
574,100,2,7
139,141,3,0
383,11,2,6
568,113,3,6
250,17,1,4
410,23,1,6
773,94,3,10
75,87,2,0
583,50,1,8
553,192,4,5
537,68,2,7
550,95,2,7
667,118,3,8
134,127,3,0
694,140,3,8
271,37,1,3
250,124,3,2
300,87,2,3
346,131,2,3
23,66,2,0
148,113,3,0
524,18,2,8
762,183,4,8
371,183,4,3
309,59,1,4
181,25,1,2
550,61,1,7
486,160,3,5
546,152,3,6
112,119,3,0
400,185,4,3
365,11,2,6
534,90,2,7
665,157,3,8
691,35,2,9
111,96,2,1
239,188,4,1
75,62,1,1
632,27,1,9
681,63,2,9
346,82,2,4
636,38,1,8
682,131,3,8
437,105,2,5
402,32,2,5
8,47,2,0
300,186,4,2
738,62,2,10
778,102,2,10
475,166,4,4
731,194,4,8
491,148,3,5
493,145,3,5
430,175,3,4
430,27,2,6
511,182,4,5
263,163,3,2
293,190,4,1
739,77,2,10
30,59,2,0
474,43,2,6
201,139,2,0
259,54,2,3
233,31,1,3
107,81,3,0
537,172,4,6
6,6,1,0
36,177,3,0
349,146,3,3
136,35,1,2
783,17,2,12
606,69,2,8
773,11,3,12
63,73,2,0
682,46,2,9
392,2,7,6
678,32,2,9
590,6,4,9
716,186,4,7
566,92,3,7
204,101,3,1
376,34,1,6
473,200,4,4
354,187,4,3
790,8,4,12
350,190,4,2
137,20,1,2
384,181,3,3
451,172,3,4
284,167,3,2
77,180,4,0
46,196,4,0
459,121,3,5
122,190,4,0
356,100,3,4
477,138,3,5
603,186,4,6
171,72,1,1
718,169,4,8
278,77,2,3
316,183,4,2
29,41,1,0
692,93,3,9
786,84,2,11
121,57,2,1
647,141,3,8
529,44,2,7
144,41,1,1
89,140,3,0
717,145,3,8
570,143,3,6
724,178,4,8
274,88,3,2
455,121,3,5
275,68,2,3
352,35,2,5
76,140,3,0
685,191,4,7
644,64,2,8
353,198,4,2
567,66,2,7
214,82,2,2
485,159,3,5
229,15,1,4
780,88,3,10
188,22,1,3
290,157,3,2
786,149,3,10
16,30,1,0
373,159,3,3
222,19,2,3
108,196,4,0
204,190,4,1
559,126,3,7
618,170,3,7
166,134,3,1
403,114,3,4
599,146,4,6
248,36,2,3
14,101,2,0
688,164,4,7
101,118,2,0
635,82,2,8
341,145,3,2
615,73,2,8
472,173,4,4
60,137,3,0
647,191,4,7
725,89,2,9
606,31,2,8
303,200,5,1
194,13,1,3
380,147,3,3
24,41,1,0
531,154,4,5
403,6,3,6
666,193,4,6
437,20,2,7
445,119,2,4
693,140,3,8
654,173,4,7
105,117,3,0
236,20,1,3
180,78,2,2
353,140,3,3
373,198,4,3
488,188,4,5
652,66,2,8
658,20,2,10
144,133,2,0
183,73,2,2
795,185,4,9
102,17,1,1
147,139,3,0
511,182,4,5
101,166,4,0
74,112,3,0
77,69,1,0
631,132,4,7
279,16,2,4
797,112,3,10
798,196,5,8
512,197,4,5
756,36,2,10
32,5,1,1
716,42,2,10
21,26,1,0
562,63,2,7
384,14,1,6
530,44,2,7
686,62,2,9
253,11,2,4
12,26,1,0
219,156,3,1
777,100,3,10
407,36,1,5
746,21,2,11
387,131,3,3
492,29,2,7
173,192,4,0
428,136,3,4
729,101,2,9
432,83,2,5
504,81,2,6
287,171,3,2
345,168,3,3
431,89,2,5
597,84,2,8
183,122,3,1
111,113,3,0
614,2,10,10
38,24,1,0
775,141,3,10
217,108,3,1
602,122,3,7
279,178,3,2
148,59,1,2
54,14,1,1
35,26,0,0
534,166,4,5
377,166,4,3
335,87,2,3
209,107,3,1
224,91,2,2
585,121,3,6
639,31,2,9
487,56,2,6
522,128,3,5
102,168,3,0
1,112,3,0
553,175,4,5
655,79,2,9
420,128,3,4
26,9,1,0
784,74,2,10
615,159,3,7
783,90,3,10
758,110,3,9
263,113,2,3
685,33,2,9
404,154,3,4
115,82,2,0
86,67,1,0
517,156,3,6
329,188,4,3
753,34,2,10
739,86,3,9
344,93,2,3
759,47,1,10
367,84,2,4
698,93,2,9
75,183,4,0
748,168,4,8
245,126,3,2
2,176,4,0
628,179,4,7
533,151,3,6
87,121,3,0
555,80,2,7
413,74,2,5
135,92,2,1
326,67,1,4
213,194,4,0
657,87,2,8
788,139,3,9
219,103,2,2
761,154,4,9
390,120,3,4
43,75,2,0
643,96,3,8
56,140,3,0
288,200,4,2
161,76,2,2
620,54,2,8
421,12,1,6
376,81,2,4
605,79,3,7
59,67,2,0
92,162,3,0
671,40,2,9
532,140,3,6
552,154,4,6
158,59,1,2
497,31,1,6
172,180,4,0
615,142,3,6
753,123,3,9
188,76,2,2
44,147,3,0
799,120,3,9
141,107,2,1
473,117,3,5
738,26,2,10
726,143,3,8
392,55,2,5
723,129,3,9
334,97,3,3
231,194,3,1
134,160,4,0
568,31,2,8
118,84,2,0
107,199,4,1
407,134,3,4
637,173,4,7
283,126,3,2
50,52,1,0
564,80,2,7
295,9,2,4
322,180,4,2
123,114,3,0
495,17,2,8
690,34,2,10
250,145,4,1
722,188,4,8
23,20,0,0
644,182,4,7
182,73,2,1
320,44,2,4
655,122,3,8
227,95,3,2
476,16,2,7
719,82,2,9
394,122,3,4
470,152,3,4
558,44,1,7
79,52,2,0
621,133,3,7
737,119,3,9
519,79,2,6
253,148,4,1
505,64,2,6
165,110,3,1
782,82,3,10
653,184,3,6
653,141,4,7
241,90,2,2
721,79,2,9
576,157,3,6
483,59,2,6
689,153,3,8
44,76,1,0
157,64,2,2
56,170,4,0
437,67,2,6
388,55,1,4
631,166,4,6
363,125,3,3
429,36,1,6
335,186,4,2
85,21,1,1
148,155,3,0
18,96,2,0
147,23,1,2
63,97,2,0
211,191,4,1
173,159,4,0
311,8,2,4
640,20,1,9
262,43,2,3
558,130,3,6
91,9,1,2
284,58,1,4
626,86,2,8
154,158,4,0
9,185,4,0
498,152,4,5
461,64,2,6
782,168,3,9
306,109,3,3
269,173,4,1
511,10,2,7
330,170,3,3
731,133,3,9
703,47,2,10
274,20,1,4
255,35,1,4
242,27,2,3
780,110,2,10
630,37,1,9
180,118,3,1
568,122,3,7
623,162,3,7
74,29,1,1
411,107,2,5
569,32,1,8
666,72,2,8
7,61,1,0
756,188,5,8
111,111,3,0
136,26,1,1
1,192,4,0
327,136,3,3
471,192,4,4
749,14,3,11
451,192,4,3
776,11,3,11
202,130,3,1
406,30,1,6
307,197,4,2
390,161,3,4
495,127,3,5
252,12,1,4
366,113,3,4
557,58,2,7
423,5,3,7
588,102,2,7
287,166,4,2
173,173,3,0
510,58,2,7
461,6,3,7
750,143,4,9
26,46,1,0
501,159,3,5
129,144,3,0
727,89,3,9
456,34,2,6
468,132,3,5
533,159,3,6
204,165,4,0
573,172,4,6
653,142,3,7
208,121,3,1
787,135,4,9
120,44,1,1
610,137,3,7
320,191,4,2
346,14,2,5
766,164,4,9
49,81,2,0
16,63,1,0
655,57,2,8
763,136,3,9
732,11,3,12
498,5,4,8
53,9,1,0
567,3,6,8
478,99,2,6
742,51,2,10
400,112,3,4
500,95,2,6
126,61,1,1
542,76,2,7
619,143,3,7
163,200,4,0
26,79,2,0
736,61,2,10
351,200,4,2
766,124,3,9
658,193,4,7
168,3,2,3
83,27,1,1
449,27,1,7
595,101,3,7
93,116,2,0
95,61,1,1
397,74,2,5
365,188,4,3
374,158,3,3
213,48,1,2
198,32,1,3
404,111,2,4
648,116,3,8
174,8,1,3
652,198,5,6
229,112,2,1
89,157,22,0
401,114,7,10
772,1,60,29
300,193,9,4
83,131,7,0
377,157,8,8
300,161,8,5
583,187,10,14
499,30,3,16
363,39,4,11
353,169,9,6
481,29,3,16
210,166,23,2
580,148,4,7
795,35,2,12
391,99,3,4
685,95,2,10
566,189,5,5
318,51,2,4
715,70,2,10
701,191,4,8
555,106,5,13
44,60,3,0
297,176,7,3
341,37,3,9
236,139,6,3
63,135,6,0
361,97,5,7
294,183,7,3
567,68,5,14
311,43,3,8
236,21,3,7
524,195,8,9
316,69,4,7
614,156,7,13
570,75,4,14
274,91,4,5
487,169,7,9
780,49,4,20
301,173,6,3
502,50,3,12
648,108,4,15
734,120,6,17
135,187,7,0
208,128,6,2
249,116,5,4
795,191,8,17
249,119,5,3
136,2,5,4
298,163,7,4
266,171,7,3
436,70,4,10
520,130,5,10
741,102,5,18
434,127,5,9
742,65,4,18
98,101,8,0
146,17,2,4
42,149,6,0
445,26,3,11
77,17,2,2
218,4,5,7
252,153,6,3
372,38,3,9
131,193,8,0
395,8,4,11
245,112,5,4
667,58,4,18
424,11,4,12
689,66,4,18
151,121,5,1
411,122,6,8
394,45,3,10
341,100,4,6
746,139,7,17
363,151,7,6
159,152,6,0
44,154,6,1
491,156,7,9
293,11,3,8
587,78,5,14
770,36,4,20
694,191,8,14
701,17,4,20
433,115,5,9
742,77,5,18
191,102,5,3
70,29,2,1
58,117,4,0
87,46,3,1
107,200,8,0
303,45,3,7
110,98,4,0
800,34,4,21
474,57,3,11
44,195,8,0
754,73,5,19
36,25,2,1
439,66,4,10
644,116,5,15
284,93,7,6
302,10,2,6
82,83,2,0
423,159,4,5
245,120,3,2
227,183,4,1
111,190,4,0
22,110,2,1
129,165,3,0
11,50,2,0
584,22,2,10
340,76,2,4
279,165,4,2
227,68,2,3
796,119,3,11
263,22,1,5
780,176,4,10
180,119,3,1
131,16,1,3
160,76,2,2
448,98,2,6
145,62,2,1
377,82,2,5
328,109,3,4
453,58,2,6
759,75,2,11
352,189,4,3
742,75,3,11
762,88,3,12
122,93,2,0
549,16,2,10
437,47,2,7
542,148,4,6
602,97,2,8
487,147,4,6
103,178,4,0
98,97,3,0
487,8,3,8
635,15,2,11
497,130,3,6
428,118,3,5
647,190,5,7
106,18,1,2
589,101,3,8
283,51,2,4
30,89,2,0
375,135,4,4
593,72,2,9
133,134,3,0
458,75,2,7
747,51,2,12
300,13,2,5
509,28,2,8
760,121,4,10
121,14,1,2
700,152,4,10
577,185,5,7
557,129,3,7
26,198,5,0
281,182,4,1
311,134,3,3
355,108,3,5
42,130,3,0
621,99,3,8
585,188,4,7
658,12,3,11
585,21,2,10
254,193,4,1
622,186,4,7
513,98,2,7
354,66,2,5
570,193,5,6
424,23,1,7
125,111,3,0
794,186,4,10
39,162,3,0
430,28,1,7
380,108,2,4
360,21,2,6
432,58,2,6
678,186,4,9
427,106,3,6
597,45,2,10
431,37,2,6
206,146,3,1
418,31,2,6
315,55,2,4
250,90,2,3
30,136,4,0
8,135,3,0
239,81,2,3
649,195,5,7
483,200,5,5
701,35,2,11
445,108,3,6
700,24,3,11
12,22,1,0
240,39,1,4
754,11,3,14
232,125,3,2
165,46,2,2
574,193,5,6
163,5,1,3
357,196,5,3
137,15,1,2
26,35,1,0
499,32,2,7
218,101,3,2
115,167,4,0
208,159,3,1
474,97,3,6
537,44,1,8
614,177,4,8
370,34,2,5
560,134,4,7
583,108,3,8
191,112,2,2
83,54,2,0
192,83,2,2
159,54,2,2
694,194,5,9
698,47,3,10
336,137,4,3
356,133,4,4
198,115,3,1
395,17,2,7
573,68,2,8
590,194,4,7
169,136,4,0
317,1,12,6
83,139,4,0
313,92,3,4
84,91,2,0
755,112,4,11
721,53,2,11
177,90,3,1
657,3,8,11
650,133,4,9
716,89,2,10
744,36,2,12
228,81,3,2
76,158,4,0
277,28,1,4
622,49,3,9
308,141,4,3
342,115,3,4
398,181,4,4
386,82,3,5
501,151,4,6
8,128,3,0
498,74,2,7
632,53,2,9
396,8,3,7
238,20,1,5
202,113,3,2
299,27,2,4
437,58,2,7
48,23,1,0
389,59,2,5
1,16,1,0
688,101,3,10
635,12,3,11
107,87,3,0
536,77,2,7
272,189,4,1
266,147,4,2
657,86,3,9
67,62,2,0
683,45,2,11
514,146,4,6
792,45,3,12
44,144,4,0
338,69,2,5
428,87,2,6
101,171,4,0
246,183,5,1
209,147,3,1
414,176,5,4
651,141,3,9
532,178,5,6
474,59,2,7
509,173,4,6
336,9,2,6
34,30,1,1
297,30,2,5
634,93,3,9
792,97,3,12
543,113,3,8
28,124,3,0
154,181,4,0
398,170,5,4
140,118,2,0
378,40,2,6
152,120,3,1
136,180,4,0
135,110,3,0
767,138,4,10
623,52,2,9
492,26,2,8
327,35,1,5
260,85,3,3
195,25,1,3
333,20,2,6
201,119,3,2
669,11,3,12
204,165,4,1
156,116,3,1
725,99,3,11
495,13,2,9
52,31,1,0
635,102,3,8
506,139,4,6
589,16,2,11
735,103,3,11
549,86,3,7
693,112,3,9
602,172,4,8
145,112,3,1
225,30,2,3
382,93,2,5
154,163,4,0
42,127,3,0
627,166,4,8
230,122,3,2
668,191,4,7
495,95,3,7
328,141,3,3
47,60,2,0
792,7,5,14
172,54,2,2
43,195,4,0
79,69,2,0
69,184,4,0
46,65,2,0
651,7,4,11
282,51,2,4
701,97,2,9
738,142,4,10
672,113,3,9
516,134,3,6
447,77,3,6
497,118,3,6
280,52,1,3
779,184,5,10
445,103,3,6
754,31,2,12
647,49,2,10
57,158,3,0
396,28,1,7
120,75,2,1
408,113,2,5
315,33,1,5
597,156,4,7
357,79,2,5
382,6,3,7
559,198,5,6
406,137,4,4
778,119,3,11
720,193,5,9
43,101,2,0
552,104,3,8
296,72,2,4
442,67,2,6
458,4,5,8
799,162,4,11
182,154,4,1
679,175,5,8
28,74,2,0
211,114,3,2
351,45,2,5
559,8,3,10
224,18,1,4
472,20,1,8
762,43,3,12
74,106,2,1
114,59,2,1
171,105,2,1
186,167,6,0
502,109,3,6
447,136,4,4
673,164,4,8
668,26,2,10
121,63,2,1
397,104,3,4
48,124,3,0
403,113,3,5
136,8,1,2
219,4,2,4
748,139,3,9
410,164,4,3
574,38,2,8
493,196,4,5
310,60,2,4
508,113,3,7
164,75,2,1
91,135,3,0
390,162,3,4
283,94,2,3
780,116,3,11
574,184,4,6
716,143,4,8
431,165,4,4
177,168,3,1
560,80,2,8
37,14,0,0
797,55,2,12
319,160,4,3
153,105,3,1
71,7,0,1
221,6,1,4
783,131,4,10
574,10,3,9
727,14,3,12
411,112,3,5
314,149,3,2
457,161,4,4
356,56,2,5
166,128,3,1
116,71,2,0
83,122,3,0
735,69,2,10
705,125,3,9
720,28,3,10
693,33,2,10
20,200,4,1
293,175,4,2
463,25,2,7
454,63,2,6
650,105,3,9
638,70,2,8
338,142,4,3
195,54,2,2
559,98,3,7
777,19,3,13
55,189,4,0
411,63,2,5
713,98,2,10
272,26,1,4
57,37,2,0
213,32,1,2
447,174,4,5
756,78,2,11
337,7,2,6
473,160,3,5
456,123,3,5
172,162,3,0
222,95,2,2
88,191,4,0
125,189,4,0
610,144,3,8
725,101,3,9
378,76,2,4
316,147,4,2
484,124,3,5
692,13,2,11
292,107,3,3
387,99,2,5
454,123,3,5
771,75,2,13
43,52,1,0
740,151,4,14
313,77,2,4
425,155,3,4
421,185,4,4
702,109,3,10
264,172,4,2
131,7,1,2
184,20,1,3
524,99,2,7
361,160,3,4
232,166,4,1
244,114,2,2
166,83,2,1
271,76,2,3
781,179,4,9
228,83,2,3
418,95,2,5
180,143,3,1
719,29,2,10
482,25,2,7
596,99,3,8
783,52,2,12
92,112,2,0
770,61,2,11
694,72,2,10
354,40,2,5
190,57,2,2
701,139,4,9
40,122,2,0
120,102,2,0
574,175,4,6
118,176,4,0
105,134,3,1
401,69,2,5
73,72,2,0
575,178,4,6
265,80,2,3
644,138,3,7
167,184,4,0
163,117,3,1
91,109,3,0
733,74,2,11
771,21,2,13
497,138,3,5
326,115,2,3
752,83,3,10
421,196,4,4
98,60,1,1
250,54,1,3
549,80,2,8
548,16,2,9
649,188,5,7
503,14,2,8
355,112,3,4
339,82,2,4
204,100,3,1
608,63,3,8
450,181,5,4
647,77,2,8
369,121,3,4
63,38,1,1
610,68,2,8
272,116,3,2
339,163,4,2
153,158,3,0
645,115,2,8
515,47,2,7
551,171,4,6
123,76,2,0
69,177,3,0
145,25,1,2
411,154,4,4
87,36,2,1
486,15,2,8
597,132,4,7
498,168,4,5
204,23,1,3
37,18,1,0
146,36,2,1
607,119,3,8
134,73,2,1
133,30,1,2
514,135,3,6
82,122,3,0
439,96,2,5
184,102,2,2
476,27,2,7
127,7,1,2
105,151,3,0
495,39,1,7
615,106,3,8
659,44,2,10
562,140,3,6
192,25,1,3
236,128,3,2
211,60,2,2
177,45,1,3
1,179,4,0
668,40,2,10
680,187,4,8
249,183,4,1
422,53,2,6
106,178,4,0
462,2,8,7
254,148,3,2
484,125,3,6
565,166,3,7
637,157,3,8
707,64,2,10
288,67,2,4
684,84,3,9
436,121,3,5
651,144,4,8
113,122,3,0
518,104,5,11
656,158,6,12
332,147,5,4
165,197,7,0
204,179,6,1
257,60,4,5
449,167,4,5
305,99,2,4
652,19,2,10
331,100,3,3
407,125,3,5
714,157,4,9
323,152,4,2
609,47,2,8
239,132,3,2
719,52,2,11
38,139,3,0
432,98,2,5
412,47,2,6
331,30,2,5
46,151,3,0
661,18,2,10
542,28,2,8
662,161,4,8
483,12,2,8
528,90,2,7
756,56,2,11
205,131,3,1
605,99,3,8
782,82,2,11
259,129,3,3
219,76,2,2
441,15,2,7
50,134,3,0
735,73,2,10
410,25,1,5
61,197,4,0
531,172,4,5
763,13,3,12
98,111,2,0
718,146,4,9
461,135,3,5
243,195,5,1
283,28,2,4
681,186,4,8
675,131,4,8
25,122,3,0
383,188,4,3
624,126,3,7
282,110,3,3
312,92,2,4
577,147,4,7
774,80,3,10
729,173,5,10
101,16,1,1
210,129,3,1
43,171,4,0
176,183,4,0
153,26,1,5
78,25,1,1
681,127,3,8
102,136,3,0
299,150,3,3
660,123,3,8
103,160,4,0
782,134,3,10
449,5,3,7
358,135,3,3
618,154,4,6
738,168,4,8
7,165,3,0
713,120,3,9
457,154,4,4
631,79,3,8
443,188,4,4
21,78,2,0
705,184,4,8
308,66,2,3
782,161,3,9
138,61,2,1
80,176,3,0
355,142,4,3
132,170,4,0
314,105,3,3
423,158,3,4
95,164,3,0
661,180,4,7
384,199,4,3
5,68,1,0
340,27,1,5
362,181,4,3
496,27,2,7
575,155,4,6
433,30,1,6
463,121,2,4
608,63,2,8
95,5,2,1
93,184,3,0
699,5,6,10
352,108,3,4
410,23,2,5
301,76,2,3
352,138,3,3
238,14,1,3
654,166,3,8
287,98,2,3
666,179,3,7
259,180,4,1
781,138,3,9
788,143,3,10
563,89,2,7
342,95,2,4
725,94,3,9
94,140,5,0
441,126,3,5
374,132,3,4
2,81,2,0
47,148,3,0
183,98,3,1
155,177,4,0
655,28,2,9
425,181,3,3
364,92,2,4
618,59,1,9
586,188,4,6
234,31,2,3
245,55,2,3
344,168,3,3
319,19,2,5
71,88,2,0
580,20,1,8
139,21,1,2
710,97,3,9
305,39,1,4
635,187,4,7
372,188,4,2
219,131,2,1
504,16,2,8
424,94,2,4
314,138,3,2
142,87,2,1
535,188,3,4
67,70,2,0
603,71,2,8
58,70,2,0
470,181,4,4
437,129,3,4
314,103,2,3
303,76,2,4
21,183,4,0
708,108,2,8
256,173,3,1
570,92,26,11
486,143,6,8
318,142,4,3
202,16,2,3
645,139,7,21
373,124,4,6
60,55,2,0
695,138,3,8
654,62,2,9
382,165,3,3
497,177,4,5
466,138,3,5
552,154,4,5
742,127,3,9
466,156,3,5
3,169,3,0
657,12,3,10
719,116,3,8
742,164,3,9
91,88,2,0
450,72,2,6
607,89,3,7
552,148,3,5
655,197,4,7
361,90,2,4
223,146,3,1
184,140,3,1
446,95,2,5
280,125,3,2
71,178,4,0
645,86,2,8
603,51,2,8
523,60,2,8
215,126,3,1
621,90,3,9
243,152,4,2
191,38,2,3
359,155,4,3
452,31,2,6
129,130,3,0
159,118,3,1
420,125,3,5
696,150,4,9
733,147,4,9
209,74,2,3
519,189,4,6
380,156,4,4
668,67,2,10
47,140,4,0
107,99,3,0
733,120,4,10
629,93,3,9
750,196,5,9
572,128,3,7
105,99,3,0
661,80,2,10
52,20,1,1
743,22,3,13
40,3,1,1
142,99,3,0
292,146,4,2
759,148,4,10
551,102,3,7
22,193,4,0
213,33,2,3
485,166,4,5
405,172,4,3
105,167,4,0
323,107,3,4
477,171,4,5
3,31,1,0
344,90,2,5
684,200,5,8
537,179,4,6
480,165,4,6
584,132,3,7
610,46,2,10
376,145,4,4
339,146,4,3
594,178,5,7
443,162,4,5
4,173,4,0
729,49,2,12
94,107,3,0
697,117,3,10
622,47,2,10
546,89,2,8
350,8,3,6
173,3,2,4
172,118,3,1
419,128,4,5
411,45,2,6
337,173,4,3
706,130,3,10
497,48,2,8
53,146,4,0
195,151,4,1
159,104,3,1
483,64,2,7
35,176,4,0
256,55,2,3
348,49,1,5
467,53,2,7
225,165,4,1
537,13,2,10
725,55,2,19
463,91,3,5
734,101,3,9
635,44,2,9
332,64,2,5
433,55,2,6
185,73,2,2
670,1,23,11
298,98,2,3
740,126,3,10
332,167,4,2
671,66,3,9
182,35,2,2
168,111,3,1
18,150,3,0
662,24,2,10
156,90,2,1
487,9,2,9
329,123,3,3
521,191,4,6
425,129,3,5
284,178,4,2
615,200,4,7
366,81,2,5
155,130,3,1
624,4,6,24
408,25,3,15
761,84,3,11
32,52,2,0
420,149,4,18
492,155,4,6
513,155,4,6
773,16,3,13
97,127,3,0
556,40,2,8
156,98,2,1
680,90,2,10
502,200,5,5
448,124,3,5
698,138,3,9
157,42,2,1
799,70,2,11
712,65,2,10
758,35,2,11
740,94,2,9
358,137,4,3
1,128,3,0
690,138,4,8
305,187,4,2
206,144,3,1
250,85,2,2
56,12,1,1
397,97,3,5
403,31,1,6
589,51,2,8
595,50,2,8
18,192,4,0
507,70,2,7
696,180,4,8
466,199,5,4
249,56,2,3
200,30,1,2
582,72,2,7
342,170,4,3
441,194,4,4
656,17,2,11
32,95,2,0
611,52,2,9
794,10,4,13
106,137,3,0
9,170,4,0
567,108,3,7
459,126,3,5
720,134,4,9
420,129,4,4
271,153,3,2
634,17,2,10
597,14,3,10
565,116,3,7
665,67,2,10
738,34,2,11
37,52,2,0
156,86,2,1
346,180,4,3
585,35,2,9
394,167,3,3
90,42,2,1
523,81,3,7
570,78,2,7
323,130,3,3
94,58,2,0
451,49,2,6
8,124,3,0
439,36,2,6
768,167,4,9
668,95,2,8
416,57,2,6
662,32,2,10
360,31,2,5
277,146,3,2
306,26,1,5
473,135,4,5
577,153,4,7
24,67,2,0
32,46,1,0
351,51,1,5
416,117,3,4
235,25,1,4
45,83,2,0
457,73,2,6
389,103,2,5
65,112,2,0
703,135,3,9
27,32,1,0
757,6,5,12
730,98,3,10
162,106,2,0
342,63,2,4
758,112,3,10
710,20,3,11
87,152,3,0
405,10,2,7
541,181,4,6
793,147,3,10
672,103,3,9
176,27,2,2
634,22,2,10
179,103,2,1
228,75,2,2
456,148,4,5
783,99,3,10
28,157,4,0
575,187,4,6
95,145,4,0
324,38,1,5
150,89,3,1
396,4,4,7
207,9,2,3
382,197,5,3
715,19,2,12
570,85,3,7
186,174,4,1
351,162,3,3
405,128,3,4
119,104,2,0
529,92,3,6
427,167,4,4
791,171,4,10
27,134,3,0
241,184,4,1
365,3,5,6
32,112,2,0
357,117,3,4
721,102,3,9
366,36,1,5
332,80,3,4
417,22,1,6
567,107,3,7
318,170,4,2
45,196,4,0
80,10,1,1
327,34,1,5
726,179,4,9
65,133,3,0
84,44,1,1
135,154,4,0
766,166,4,9
686,166,4,8
786,81,2,10
378,28,1,5
785,59,2,10
693,187,4,8
63,129,2,0
685,143,3,8
305,3,4,5
539,51,1,7
99,47,1,1
468,127,3,5
625,190,4,6
649,75,2,8
481,141,4,5
594,110,2,7
675,17,2,10
572,27,2,8
211,175,3,1
615,117,3,7
386,158,4,3
548,185,3,5
275,73,2,3
485,169,3,5
789,21,3,12
229,99,3,2
620,51,2,8
473,82,3,6
736,108,3,9
113,140,3,0
672,114,2,8
404,173,3,3
221,128,3,2
316,106,3,3
3,80,2,0
250,150,3,1
745,123,3,9
654,48,2,9
604,87,3,8
83,23,1,1
16,23,1,0
187,143,3,0
85,75,1,1
678,103,3,8
236,122,2,2
728,52,2,10
59,89,2,0
694,118,3,8
699,59,2,9
248,126,2,1
122,164,3,0
257,159,3,2
325,170,3,2
161,17,1,3
772,50,2,10
731,149,3,9
164,146,3,1
123,165,4,0
133,184,4,0
62,143,3,0
623,14,3,9
575,13,2,9
792,16,3,12
725,7,4,12
453,130,3,5
647,167,3,7
243,81,2,2
714,114,3,8
790,57,2,10
26,76,2,0
96,39,1,1
613,149,4,7
176,190,4,0
186,132,3,1
33,41,1,0
745,8,4,11
70,68,1,0
353,150,4,3
631,43,2,9
226,17,1,3
418,186,4,4
726,101,3,9
108,119,2,0
521,174,4,5
570,92,2,7
624,176,3,7
438,107,3,5
197,182,3,1
575,151,4,6
57,19,0,0
365,39,1,4
706,27,2,10
633,61,2,9
663,68,2,8
309,13,1,5
603,135,4,6
768,40,2,11
484,151,3,5
733,156,4,8
692,66,2,9
479,181,3,5
272,105,2,3
284,159,3,2
691,140,3,8
689,152,3,7
65,32,1,1
198,86,2,1
111,157,3,0
177,90,2,1
43,121,3,0
604,167,4,6
90,109,3,0
139,152,3,0
87,99,2,0
256,92,2,2
452,45,2,6
659,168,4,7
670,109,3,8
687,109,3,8
769,138,3,9
335,167,3,3
239,32,2,3
311,57,2,3
306,165,4,2
229,146,4,1
493,109,3,6
427,146,4,4
353,113,3,3
758,178,3,8
573,129,3,6
591,14,2,9
563,21,2,9
246,114,2,2
628,107,3,7
487,31,2,6
289,149,3,2
293,23,1,4
438,72,2,6
430,127,3,4
20,181,4,0
387,42,1,5
393,72,2,4
221,163,3,1
688,113,3,8
223,76,1,3
34,145,3,0
219,47,2,2
587,63,2,8
302,18,1,5
398,113,3,4
39,53,1,0
666,186,4,6
399,80,2,5
745,185,4,8
492,168,3,4
739,156,4,8
584,103,3,7
178,171,3,1
597,96,3,7
480,94,3,5
167,183,3,0
631,113,3,7
528,119,3,6
678,97,3,8
668,82,2,9
622,118,3,7
198,59,2,2
622,34,2,9
118,33,1,2
254,8,1,4
540,154,3,5
354,10,2,5
499,27,2,7
36,67,2,0
603,147,4,6
313,17,1,4
414,118,2,5
480,9,3,7
81,144,3,0
344,21,1,6
544,63,2,7
267,54,1,3
243,5,2,4
755,1,24,12
271,76,2,3
250,38,1,4
107,123,2,0
509,160,3,6
7,72,1,0
163,22,1,2
479,21,1,8
685,101,2,9
45,37,1,0
730,56,2,10
520,125,3,5
505,169,3,5
572,156,3,6
736,2,12,12
536,29,2,7
176,67,2,2
54,17,0,0
531,141,3,6
167,148,3,1
447,42,1,6
637,65,2,8
695,199,4,8
257,152,3,2
393,69,2,4
138,183,3,0
527,134,3,6
547,185,4,5
544,187,4,5
555,106,3,7
326,161,3,3
561,26,2,8
435,145,4,4
55,49,1,0
596,77,2,8
669,27,2,10
345,91,2,4
619,77,2,8
61,65,1,0
355,181,4,2
693,81,2,9
348,164,3,3
248,88,2,2
193,141,3,1
558,157,3,5
232,91,2,2
319,170,3,2
207,70,1,2
97,42,1,1
707,195,4,8
170,185,4,0
251,103,3,2
597,149,3,6
761,31,2,10
119,79,1,0
410,143,3,3
55,9,1,0
781,11,3,12
445,76,2,6
628,70,2,8
521,65,2,6
400,38,2,5
473,140,3,5
176,11,1,2
708,84,2,9
183,33,2,2
167,159,3,0
219,145,3,1
246,31,1,3
733,90,3,9
629,174,4,7
687,38,2,9
500,65,1,6
66,100,2,0
83,73,2,0
579,85,2,7
556,177,4,5
712,147,3,8
773,45,2,10
600,32,2,8
703,194,4,8
303,137,3,2
506,7,3,8
504,19,2,7
376,12,2,6
179,14,1,3
705,169,3,8
567,190,4,5
346,168,3,3
497,195,4,5
219,32,1,3
574,188,4,6
309,189,4,2
285,122,3,3
55,17,0,0
217,104,2,2
568,6,4,9
489,147,3,5
210,11,2,3
794,95,3,10
96,16,1,1
747,67,3,9
148,158,3,0
388,139,3,3
180,41,1,2
641,185,4,7
21,55,2,0
45,5,1,1
325,96,2,3
539,174,4,6
678,16,2,10
646,127,3,8
627,120,3,7
317,186,4,2
241,6,2,4
501,161,3,5
779,71,2,10
281,188,4,1
467,159,3,5
309,161,3,2
481,69,2,6
557,97,2,7
575,146,3,7
485,93,3,6
628,24,2,9
733,125,3,9
319,47,2,4
507,122,3,6
401,143,3,4
17,40,1,0
34,57,1,0
729,77,2,9
245,121,3,2
531,182,4,5
297,189,4,2
104,68,2,1
719,99,3,9
342,90,2,4
88,33,1,1
372,129,3,4
39,169,3,0
382,176,4,3
449,49,2,6
636,36,2,9
195,75,2,2
599,67,2,7
459,73,2,5
791,50,2,10
397,125,3,4
144,169,3,0
322,37,2,4
792,64,2,11
718,184,4,7
592,135,3,6
765,93,2,10
324,147,3,2
86,193,4,0
305,121,3,3
452,129,3,5
368,3,4,6
323,134,3,3
485,194,4,4
742,91,3,10
54,25,1,0
111,120,3,0
90,6,1,1
13,111,2,0
756,29,2,10
585,162,4,6
712,40,2,10
508,107,3,6
98,198,4,0
154,127,3,1
722,126,3,9
338,53,1,4
452,8,3,7
623,196,4,6
84,175,3,0
411,40,1,6
103,12,1,2
284,87,2,3
259,47,2,3
736,193,4,7
256,94,3,2
74,194,4,0
786,155,3,9
663,19,2,10
491,164,3,5
492,119,3,6
333,148,3,3
56,163,3,0
788,73,3,10
65,127,2,0
476,44,1,6
734,133,3,9
78,194,4,0
650,122,3,7
653,58,2,9
206,110,2,2
633,4,5,10
468,51,2,6
33,12,1,1
431,167,4,4
235,23,1,3
701,28,2,10
589,97,3,7
335,119,3,3
465,16,2,7
325,24,1,5
86,109,2,0
399,49,2,5
675,123,3,8
257,116,2,2
283,35,1,4
569,127,3,6
785,12,3,12
542,93,2,6
419,50,1,6
498,96,2,6
311,108,2,3
147,164,4,0
483,107,3,6
734,39,2,11
39,76,2,0
708,170,4,8
541,38,2,8
738,107,3,9
191,132,3,1
304,26,2,4
124,67,2,1
744,87,3,9
499,175,4,5
88,71,2,1
461,47,2,6
450,74,2,6
707,32,2,10
433,41,1,5
103,199,4,0
394,188,4,3
145,87,2,1
237,57,1,3
664,86,3,8
68,168,4,0
436,6,3,7
438,153,3,4
326,193,4,2
717,179,4,8
768,82,2,9
242,121,2,2
706,106,3,9
593,112,2,6
253,141,3,2
468,76,2,6
518,11,2,8
550,191,4,5
531,93,3,6
619,135,3,7
405,121,3,4
664,55,2,9
224,17,1,3
774,156,3,9
339,42,2,4
707,28,1,10
57,157,3,0
209,157,3,1
299,163,4,2
377,172,3,2
427,157,3,4
605,3,8,9
543,86,3,6
538,109,2,6
330,56,1,4
35,21,1,0
604,136,3,7
10,121,2,0
291,167,3,2
531,198,4,5
524,19,1,8
726,114,3,8
467,123,3,5
768,93,3,9
127,53,2,1
800,100,3,10
578,75,2,7
110,125,3,0
490,65,2,7
256,50,1,3
569,166,4,6
486,29,1,6
224,173,3,1
670,87,2,8
513,95,3,6
261,167,4,1
168,121,3,1
637,161,4,7
462,22,2,7
758,96,3,10
13,163,3,0
743,130,3,9
625,60,2,9
473,126,2,5
679,37,1,9
401,146,3,4
567,37,2,8
125,26,1,1
53,95,2,0
418,106,3,5
134,9,2,2
640,99,3,8
661,39,2,9
450,4,4,6
276,117,3,2
615,11,3,9
490,174,4,4
712,143,3,8
415,128,2,5
439,143,3,5
190,77,2,2
680,199,4,7
516,9,2,7
462,33,1,6
669,7,4,11
617,124,3,7
142,12,1,2
498,58,1,7
542,54,2,7
204,31,1,3
524,156,3,6
207,74,2,2
225,192,4,1
134,109,3,0
581,88,2,7
15,145,3,0
21,133,3,0
690,140,4,8
510,157,3,5
609,9,2,10
55,159,3,1
307,164,4,2
541,76,3,6
614,104,3,7
260,78,2,3
382,179,4,3
193,197,4,0
652,105,3,8
497,71,2,6
776,14,3,12
495,15,2,7
272,95,2,2
170,134,3,1
70,31,1,0
103,64,2,1
510,137,3,6
705,124,3,9
389,164,4,3
468,171,3,5
560,72,2,7
453,67,2,6
793,192,4,9
344,174,3,3
636,176,4,7
307,186,4,2
722,102,3,9
695,57,2,9
158,72,1,1
726,19,2,11
41,160,3,1
498,15,2,7
377,73,2,4
10,46,1,0
610,51,2,8
423,34,1,6
341,169,3,3
672,169,4,7
482,155,3,4
789,54,2,11
226,44,1,3
524,103,2,6
478,165,3,5
16,109,2,0
670,21,2,10
791,9,3,12
672,48,2,9
551,8,3,9
597,167,3,7
458,116,2,5
254,62,1,2
142,180,3,0
366,106,3,4
408,158,4,4
487,55,1,7
363,62,2,4
555,75,2,7
583,83,2,8
790,67,2,10
264,98,2,3
162,47,1,2
65,26,1,1
493,5,4,8
337,110,2,4
246,172,3,2
104,111,2,0
523,112,2,6
694,5,5,11
540,162,4,5
509,98,2,6
797,40,2,11
40,34,1,0
316,80,2,3
298,135,3,2
769,131,3,9
143,173,4,0
31,157,3,0
571,97,2,8
213,173,3,0
232,64,2,2
55,136,3,0
786,57,2,10
205,46,1,3
345,96,3,3
487,132,3,5
293,139,3,2
684,120,3,8
367,171,4,2
4,152,3,0
58,131,3,0
580,42,2,8
499,89,3,6
347,139,3,3
224,105,2,2
40,66,2,0
209,55,1,2
724,160,4,8
239,61,2,2
16,28,0,0
711,190,4,7
227,24,1,3
683,21,2,10
475,195,4,4
409,83,2,5
540,143,3,6
473,34,1,7
664,56,2,9
530,92,3,6
262,146,3,1
722,150,4,8
441,143,3,5
203,63,2,2
51,194,4,0
467,183,4,4
169,87,2,1
651,20,2,10
53,42,1,0
467,121,3,5
450,141,3,5
699,89,3,8
3,115,2,0
568,46,2,8
206,132,2,2
438,153,3,4
442,143,3,4
131,111,2,0
574,121,3,7
543,112,3,6
449,30,1,6
486,39,1,7
151,129,3,0
28,10,1,1
454,135,3,5
665,60,2,9
35,113,2,0
768,160,4,9
686,26,2,9
310,94,2,3
344,26,2,4
562,38,2,8
69,70,2,0
583,148,4,6
467,116,3,5
659,147,3,7
564,47,2,8
531,45,2,7
7,78,2,0
194,180,4,0
191,15,1,3
462,138,3,5
296,16,1,5
192,48,1,2
636,145,3,7
213,96,2,2
580,32,2,8
239,35,1,3
552,119,3,6
389,89,2,5
410,178,4,3
621,170,4,6
724,98,3,9
551,196,4,5
401,179,4,3
753,163,3,9
13,14,0,0
751,66,2,10
544,102,3,6
171,149,3,0
166,163,3,0
225,6,2,4
75,179,3,0
57,100,2,0
502,57,2,7
288,64,2,4
594,58,2,8
5,143,3,0
557,85,2,7
582,38,2,8
389,126,3,4
400,5,3,6
518,12,2,8
559,144,3,6
689,156,4,7
115,161,3,0
186,18,1,3
670,152,3,8
485,45,2,6
173,12,1,2
317,99,2,3
676,89,2,8
417,133,3,4
501,77,2,6
431,139,3,4
571,194,4,5
207,29,1,2
575,109,3,7
693,116,3,8
732,101,3,9
316,113,3,3
790,141,3,10
791,37,2,11
487,178,4,5
613,197,4,6
24,63,1,0
326,41,2,4
685,190,4,7
60,151,3,0
773,118,3,9
205,168,4,0
440,170,3,3
773,176,4,8
25,200,4,0
718,166,4,8
372,129,3,4
311,155,4,2
606,20,2,9
256,47,2,3
463,148,3,5
10,100,2,0
460,77,2,5
160,143,3,0
96,43,1,1
296,139,3,2
121,162,3,0
345,149,3,3
142,147,3,0
19,130,3,0
724,162,3,9
646,126,3,7
150,141,3,0
65,94,2,0
609,46,1,8
233,144,3,1
306,34,1,4
488,148,3,5
346,181,4,2
422,62,1,5
613,134,3,7
176,6,2,3
449,28,2,6
127,5,1,2
733,115,2,9
621,24,1,9
703,94,2,9
741,166,4,8
501,192,4,4
658,79,2,9
784,74,2,10
336,70,2,4
309,154,3,2
673,104,3,8
489,55,1,6
189,93,2,1
771,3,9,12
371,18,1,6
731,11,3,12
483,29,2,7
667,118,3,8
211,86,2,1
6,20,0,0
40,46,1,0
586,99,3,7
593,128,3,7
96,107,2,0
20,55,1,0
689,74,2,9
556,136,3,7
617,2,11,9
304,24,1,4
497,194,5,4
109,174,4,0
552,139,3,6
357,174,3,3
627,46,1,9
464,171,4,4
709,14,2,11
480,29,2,6
31,59,1,1
351,114,3,4
226,13,2,3
577,5,4,9
446,18,1,7
197,8,1,3
219,22,1,3
195,42,1,3
111,187,4,0
325,69,2,4
187,69,2,2
74,94,2,0
500,30,1,7
428,83,3,5
145,118,3,0
54,10,0,1
54,101,2,0
640,36,2,9
512,91,2,6
779,7,5,12
82,180,3,0
59,32,1,1
635,153,3,8
108,47,1,1
664,53,2,9
574,79,2,8
483,75,2,6
13,3,1,0
168,12,1,3
423,36,1,6
415,187,4,4
465,62,2,6
247,141,3,2
149,141,3,0
753,172,4,8
301,178,4,2
577,73,2,7
257,146,3,2
392,194,4,3
305,157,3,2
700,69,2,9
12,9,1,0
419,176,4,4
47,88,2,0
222,139,3,1
213,59,2,2
198,139,3,1
524,70,2,6
68,78,2,0
705,85,3,9
368,174,3,3
784,95,2,9
675,130,3,8
131,146,3,0
191,13,1,3
109,160,4,0
742,177,4,8
150,115,3,0
318,197,4,2
735,35,2,10
311,104,3,3
563,168,3,6
99,13,1,1
508,6,4,7
197,69,2,2
560,21,1,8
137,72,2,1
396,163,4,3
72,37,1,0
140,5,2,2
89,150,3,0
752,37,1,11
482,200,4,4
118,49,1,1
410,46,2,5
604,194,4,6
131,30,2,1
12,55,1,1
609,83,2,8
301,15,1,5
590,147,3,7
301,152,3,2
133,7,1,2
434,12,2,6
215,58,1,2
685,145,4,8
623,100,3,7
71,61,1,1
497,54,3,6
464,176,4,4
538,75,3,6
36,145,3,0
233,87,2,2
94,63,2,0
708,194,4,8
375,19,2,6
196,146,3,1
465,109,2,6
333,10,2,5
429,58,1,5
135,148,3,0
322,97,2,4
293,66,2,3
406,183,4,3
591,34,1,8
664,56,2,9
398,145,3,4
197,69,2,2
128,38,1,1
470,197,4,4
62,182,4,0
293,146,3,3
800,56,2,11
277,85,2,3
20,133,3,0
53,105,2,0
602,185,4,7
748,119,3,10
599,47,2,8
777,180,4,8
295,22,1,5
726,95,2,9
607,8,3,10
322,113,3,3
118,41,1,1
433,193,4,3
630,94,2,8
370,127,2,3
384,47,1,5
20,12,0,1
744,179,4,8
566,66,1,7
308,127,3,3
542,108,2,7
330,6,2,5
763,156,3,9
176,137,3,1
416,166,3,4
130,73,2,1
312,192,4,2
223,112,3,1
121,17,1,2
790,187,4,8
252,79,2,2
564,63,2,7
323,141,3,3
793,103,2,9
622,52,2,8
483,150,3,4
82,81,2,0
259,28,1,4
679,162,3,8
468,148,4,4
462,164,3,5
741,51,1,10
677,148,4,33
729,158,4,8
598,128,3,6
403,134,3,3
152,86,2,1
591,177,4,6
101,135,2,0
488,36,2,6
342,15,2,5
82,66,1,1
786,70,2,11
666,118,3,8
359,150,3,4
395,198,4,3
638,176,4,7
157,186,4,0
98,4,2,1
405,47,2,5
776,37,1,11
343,71,2,4
586,187,4,6
655,123,3,8
102,107,3,0
301,177,4,2
105,74,2,1
133,108,2,1
643,151,3,7
475,86,2,6
15,55,1,0
662,65,2,8
466,86,2,6
258,188,4,1
531,126,3,6
230,161,3,1
36,37,1,1
610,80,2,8
354,58,2,4
133,74,2,1
479,87,2,5
714,160,3,8
615,22,2,9
573,193,4,6
535,56,2,7
127,176,4,0
247,79,2,2
598,149,3,6
402,12,2,6
768,32,2,11
433,86,2,5
51,103,2,0
626,55,2,8
787,188,4,9
56,119,3,0
362,72,2,4
244,182,3,1
277,172,3,2
22,4,1,1
696,115,3,8
656,189,4,7
255,109,2,2
470,135,3,5
115,75,2,0
578,183,4,6
467,15,2,7
327,59,2,4
524,40,2,7
370,39,2,5
12,55,1,0
322,186,4,2
583,108,3,7
591,70,3,7
718,100,3,9
494,169,4,5
625,190,4,6
690,80,2,9
724,55,2,10
229,106,3,2
760,141,4,9
324,54,2,4
799,163,4,9
235,48,2,3
361,9,2,5
112,51,2,1
212,103,2,1
767,49,2,10
248,79,2,3
90,2,1,1
93,110,2,0
340,8,2,5
176,182,4,0
437,61,2,6
656,151,3,7
771,71,2,10
343,123,3,3
560,111,2,7
201,118,3,1
459,95,2,5
285,121,3,3
692,182,4,7
494,108,2,6
521,127,3,6
87,42,1,1
232,168,4,1
453,200,4,3
317,140,3,3
517,100,2,6
270,178,3,1
407,89,2,5
120,75,2,1
578,163,3,6
603,67,2,8
373,5,3,5
77,52,2,0
414,19,1,6
454,98,3,5
154,50,1,2
461,9,2,7
359,68,2,4
718,157,4,8
181,33,1,2
668,177,4,7
245,178,4,1
250,48,1,3
162,66,2,1
639,164,3,6
305,19,1,4
297,118,3,3
689,82,3,9
100,191,4,0
442,72,2,6
40,32,1,0
71,58,2,0
72,34,1,1
642,150,3,8
188,195,4,0
374,61,2,4
134,79,2,1
35,91,2,0
501,1,17,8
459,9,2,7
102,15,0,1
411,59,1,6
476,199,4,4
495,159,4,5
2,132,3,0
445,144,3,5
89,3,1,1
142,157,3,0
781,162,4,9
403,185,4,3
472,149,3,4
647,98,3,7
435,17,2,6
637,168,4,7
114,144,3,0
345,137,3,4
136,67,1,1
110,105,2,1
619,158,3,7
342,170,4,2
207,81,2,1
671,133,3,8
559,164,4,6
753,48,2,10
665,183,4,7
150,66,1,2
632,165,4,7
757,22,2,11
582,90,3,7
259,51,1,3
375,85,3,4
291,1,9,5
624,31,2,8
352,111,2,3
128,69,2,1
332,85,2,3
391,100,3,4
739,123,3,9
294,92,3,3
500,46,2,7
177,40,1,2
431,92,3,5
732,146,4,8
406,141,3,4
132,86,1,0
358,81,2,4
401,142,3,4
31,158,3,0
408,74,2,5
157,63,2,2
232,67,2,3
418,182,4,4
362,53,2,4
630,163,4,7
656,124,3,8
596,199,4,6
158,124,2,1
401,125,3,4
187,172,4,0
316,137,3,3
402,177,4,3
313,56,2,4
711,19,2,11
447,105,2,5
471,194,4,4
298,136,3,2
618,3,7,10
760,184,5,8
143,20,0,2
561,169,4,5
610,154,3,7
44,130,3,0
347,4,4,5
120,77,2,1
566,154,3,6
452,17,2,7
607,160,4,6
64,134,2,1
457,118,3,5
94,99,2,0
356,198,4,2
360,60,2,4
653,115,2,8
206,178,3,1
467,124,3,5
40,70,2,0
586,151,4,6
342,89,2,4
355,153,4,3
252,98,2,2
25,84,2,0
750,91,2,10
274,125,2,3
318,57,1,4
468,115,3,5
276,199,4,1
28,151,3,0
345,49,2,4
189,138,3,1
627,79,2,8
200,157,3,1
325,49,1,4
334,119,3,3
191,168,3,0
94,102,2,0
635,127,3,8
375,62,2,5
509,4,5,8
114,197,4,0
119,119,2,1
193,93,3,1
309,194,4,2
747,6,4,12
201,138,3,1
309,196,4,2
8,98,2,0
669,28,2,10
375,184,3,2
663,85,3,8
590,108,2,7
412,200,4,3
44,54,1,0
725,109,3,9
632,198,4,6
165,18,1,3
287,7,2,5
544,140,3,6
786,179,4,9
434,102,3,5
445,125,3,5
314,64,1,4
725,123,3,9
732,119,3,9
585,184,4,6
284,44,2,3
48,47,2,0
117,60,2,1
264,45,1,3
754,178,4,8
151,71,2,1
391,153,4,3
326,120,2,3
765,55,2,11
706,134,3,8
713,93,3,9
645,186,3,6
310,99,2,3
742,115,3,9
213,55,1,3
6,165,4,0
303,174,4,2
194,54,1,2
277,47,1,4
95,51,1,1
414,7,2,7
376,61,2,4
394,183,3,3
731,73,2,10
224,28,1,3
681,41,2,9
421,87,2,5
560,190,4,5
682,41,2,9
685,101,3,9
644,189,4,7
730,183,4,8
4,139,3,0
719,80,2,9
530,130,3,6
313,88,3,3
222,159,3,1
281,102,2,3
271,143,3,2
52,147,3,0
17,70,2,0
72,121,3,0
296,4,3,5
173,93,2,1
301,129,3,2
312,50,2,4
609,10,3,9
384,190,4,3
360,16,2,5
362,81,3,4
533,78,2,7
182,140,3,1
493,46,2,7
137,175,3,0
423,49,2,5
417,153,3,4
765,121,3,9
529,162,4,5
182,71,2,2
617,161,3,7
172,80,2,2
135,63,1,1
67,19,0,0
399,8,2,6
206,74,2,2
255,158,3,2
102,56,2,1
786,104,3,10
481,22,1,7
752,77,2,9
552,91,3,7
774,27,2,11
652,7,3,10
33,19,1,0
748,108,3,9
800,11,3,12
545,5,4,8
390,38,1,5
457,107,2,5
72,85,2,0
8,4,1,0
129,41,1,2
235,87,2,3
40,183,4,0
261,102,3,2
743,4,6,11
55,18,1,1
28,132,3,0
412,115,3,5
211,2,4,3
205,59,2,2
132,180,3,0
209,42,1,3
34,163,4,0
232,62,2,3
541,132,3,6
31,197,4,0
481,176,4,5
126,42,2,1
140,87,4,1
662,88,2,8
453,169,4,4
224,101,2,2
756,130,3,9
544,49,1,7
326,176,3,2
284,50,2,3
500,122,3,6
247,6,1,3
719,16,2,11
617,135,3,7
756,61,2,10
628,134,3,7
692,132,3,8
26,10,0,1
441,157,3,4
569,89,3,7
402,173,4,3
503,4,4,8
89,18,1,1
606,95,2,8
483,1,16,8
325,23,1,5
788,83,3,10
554,119,3,6
184,31,1,3
444,167,4,4
183,10,1,3
181,144,3,1
466,76,2,6
278,156,3,2
683,7,4,10
19,41,1,0
467,84,2,6
166,41,1,2
670,182,4,7
617,70,2,7
115,98,3,0
469,82,2,6
392,53,2,5
119,96,2,0
642,137,4,7
482,77,2,5
727,7,4,11
432,70,2,5
480,37,2,6
598,81,2,8
529,199,4,5
46,104,3,0
629,60,2,8
112,200,4,0
371,146,3,3
263,88,2,3
706,55,2,9
314,13,2,5
94,25,1,1
590,191,4,6
131,62,1,1
73,120,3,0
620,74,2,8
767,197,5,8
64,44,1,0
447,50,2,6
754,190,4,8
6,66,2,0
314,16,1,5
350,49,2,4
686,107,2,9
329,120,3,3
587,148,3,7
341,174,4,3
318,162,4,2
445,17,1,7
226,32,1,3
550,160,4,6
631,112,3,8
540,103,3,7
129,3,2,2
596,35,2,8
207,7,2,3
792,81,2,10
70,28,1,1
734,142,3,8
227,18,2,3
591,149,4,6
162,146,3,0
417,53,2,5
251,132,3,2
114,158,3,1
185,128,3,1
114,122,3,0
179,92,3,1
301,126,3,3
490,34,1,6
591,34,2,8
88,15,0,2
157,54,1,2
683,23,2,10
292,121,2,2
534,165,3,5
78,81,2,0
542,102,3,6
388,28,2,5
2,105,2,0
283,88,2,3
764,5,6,12
688,182,4,7
638,150,3,7
650,104,10,8
47,185,4,0
574,92,2,7
325,22,1,5
740,93,2,9
472,3,5,8
268,39,2,3
732,172,4,8
164,110,2,1
563,200,4,6
419,109,3,4
134,4,2,2
437,186,3,4
461,152,4,4
489,31,2,6
385,199,5,3
312,157,4,2
96,58,2,0
460,95,3,5
293,63,2,3
482,18,2,8
712,29,1,10
126,67,2,1
651,174,4,7
578,26,1,8
390,112,2,4
120,63,1,1
547,110,3,7
3,96,2,0
666,71,3,8
304,185,4,2
650,139,3,7
304,77,2,4
136,17,1,2
383,137,3,4
230,177,3,1
173,188,3,0
447,178,3,4
491,194,4,5
410,106,2,5
622,183,4,6
462,189,4,4
645,133,3,7
394,20,2,6
347,158,4,3
682,166,4,7
355,142,3,3
650,188,5,6
294,106,3,2
727,182,4,8
691,29,2,9
46,46,1,0
620,86,2,7
754,186,4,8
44,80,2,0
388,24,2,5
561,138,3,6
756,159,4,8
624,127,3,8
405,27,1,6
320,52,2,4
586,26,2,8
486,49,1,6
89,121,3,0
117,6,1,2
263,172,4,2
796,127,3,9
123,42,1,2
208,136,3,1
615,87,2,8
791,161,4,9
698,156,4,8
412,133,3,4
567,142,3,6
572,182,4,6
425,9,2,7
709,2,12,11
205,97,3,1
412,145,3,3
710,116,2,9
332,157,3,3
305,163,4,2
604,198,5,6
544,131,3,6
687,73,2,9
495,95,2,6
711,143,3,8
642,199,4,7
547,110,3,6
530,77,2,7
678,192,4,7
360,51,2,4
534,9,3,8
185,119,3,1
434,183,4,4
242,87,2,3
67,193,4,0
687,73,2,9
420,117,3,4
572,121,3,6
722,25,2,10
383,195,4,3
29,171,4,0
637,22,2,10
418,41,2,5
297,92,3,3
601,15,2,9
113,127,3,0
513,7,3,8
336,100,2,4
170,177,4,0
165,96,2,1
751,87,2,10
563,186,4,6
281,177,3,2
522,138,3,6
526,42,2,7
234,44,2,3
225,198,4,1
564,199,5,5
566,75,2,8
675,18,2,10
52,41,1,0
436,75,2,6
31,193,4,0
199,72,2,2
332,9,1,5
550,107,2,7
605,184,4,6
176,44,1,2
672,137,3,8
56,167,3,0
306,69,2,4
125,144,3,0
372,135,3,3
617,44,1,8
714,69,2,9
589,123,3,7
222,178,4,0
180,30,2,2
5,178,4,0
97,117,2,0
84,200,4,0
202,144,3,0
556,36,1,8
632,123,2,7
427,180,4,3
422,1,14,7
101,137,3,0
375,28,2,5
188,136,3,1
458,150,3,4
373,77,2,4
7,144,3,0
96,188,3,0
480,102,3,5
461,116,3,5
624,99,3,8
756,72,2,9
159,54,1,1
41,11,1,0
768,165,3,8
15,119,2,0
52,80,1,0
202,188,4,0
486,157,3,4
94,93,2,0
581,8,3,9
408,122,2,5
76,126,3,0
667,194,4,7
91,149,3,0
311,40,1,4
484,73,2,7
717,176,4,8
668,70,2,9
715,186,4,8
654,168,4,7
417,61,2,5
687,165,3,7
24,23,1,0
472,174,3,5
414,74,2,5
377,9,2,6
554,40,2,7
536,42,1,7
371,111,3,3
358,104,3,4
599,111,2,8
355,95,2,4
561,95,2,7
266,71,1,2
353,136,3,3
226,47,1,3
124,147,3,0
474,104,2,6
782,92,3,10
545,28,1,8
405,164,4,3
454,50,1,6
500,60,2,7
384,155,3,4
52,6,1,1
627,166,4,7
552,44,2,8
48,28,1,0
364,170,4,2
307,127,3,3
640,184,4,7
326,195,4,2
4,70,2,0
42,176,4,0
385,76,2,4
451,64,2,6
259,47,1,3
618,66,2,8
96,198,4,0
508,84,2,6
541,137,3,5
726,159,4,8
134,10,0,2
63,177,3,0
143,22,1,2
417,180,4,3
714,32,2,10
276,147,3,2
364,40,2,5
272,174,4,2
634,196,4,6
645,32,2,8
232,2,5,3
615,20,2,9
595,10,2,9
242,152,4,1
542,186,5,5
446,29,1,6
497,57,2,7
323,75,2,3
95,170,4,0
118,181,3,0
681,84,2,8
571,128,3,6
303,54,1,4
487,184,4,5
761,66,2,10
464,144,3,5
645,149,3,7
289,33,2,3
751,64,2,10
94,48,1,1
611,124,3,7
419,176,4,3
451,105,2,5
572,143,3,7
460,189,4,4
115,147,3,0
553,83,2,7
208,185,4,0
592,5,4,10
445,18,2,7
533,27,1,8
573,1,19,9
558,23,1,8
321,181,4,2
195,165,3,1
416,100,3,4
332,120,3,3
287,24,1,3
210,18,1,3
476,159,3,4
431,50,2,5
227,169,3,1
316,58,2,4
22,189,3,0
426,78,3,5
636,108,2,8
282,139,3,2
792,189,5,9
480,125,3,5
124,22,1,1
320,99,2,3
621,130,3,7
195,36,1,3
800,118,3,10
604,192,4,6
513,8,3,8
598,163,4,6
584,41,2,8
300,192,4,1
95,147,3,0
19,106,3,0
547,183,4,5
139,27,1,1
336,4,3,5
405,29,2,5
743,89,3,9
293,147,4,2
614,54,2,8
731,152,4,8
327,132,2,2
261,126,3,2
682,73,3,8
41,65,2,0
780,157,4,9
491,68,2,6
20,41,1,0
572,59,2,8
501,40,2,7
432,124,3,4
180,155,4,0
114,197,4,0
528,161,3,6
789,21,3,12
84,26,1,1
787,155,3,9
775,140,3,10
302,180,4,2
650,160,3,7
618,99,3,7
626,193,4,6
6,123,2,0
761,30,2,10
228,161,3,1
18,92,2,0
418,168,4,3
625,38,2,8
108,33,1,1
684,131,3,8
162,140,3,0
557,31,2,7
703,129,3,8
579,107,2,7
370,175,4,3
331,21,1,5
359,60,2,4
194,195,4,0
10,47,1,0
739,135,3,9
208,53,1,3
247,151,3,1
345,65,2,4
124,126,2,0
410,133,3,4
380,59,2,5
709,26,1,10
253,170,4,1
367,101,2,4
771,98,3,10
762,13,3,12
611,94,3,7
689,8,3,11
115,180,4,0
117,93,2,1
547,111,2,6
320,162,4,2
702,159,4,8
466,132,3,5
617,70,2,8
614,47,2,8
687,115,3,8
20,149,3,0
312,122,3,3
61,150,3,0
124,175,4,0
511,113,3,6
415,37,2,5
40,71,2,0
187,89,2,1
127,193,4,0
267,122,2,2
800,29,2,11
191,164,3,1
66,2,2,1
326,48,2,4
704,20,2,11
773,186,4,8
163,192,4,0
487,156,3,5
670,49,2,9
508,72,2,6
491,8,3,7
73,192,4,0
231,138,3,2
134,38,2,1
385,19,2,6
139,141,3,0
511,119,3,6
26,172,3,1
103,162,4,0
436,199,4,4
178,155,3,0
155,38,1,2
79,199,4,0
678,1,22,11
293,153,3,2
448,53,2,6
7,35,1,0
632,95,2,8
427,159,4,4
571,48,2,7
604,113,2,7
677,2,12,10
476,100,3,5
782,189,4,8
362,187,4,3
24,124,2,0
786,143,3,9
378,136,3,4
417,136,3,4
420,7,2,7
431,67,1,6
740,174,3,8
494,52,2,7
377,134,3,4
488,28,1,7
60,151,4,0
611,95,2,8
193,95,3,1
599,56,2,8
183,141,3,1
59,48,2,0
651,166,3,7
11,101,3,0
796,144,4,9
541,22,2,8
357,64,2,4
340,194,4,2
133,195,4,0
372,77,2,4
706,131,3,8
593,186,4,6
722,16,3,11
532,144,3,6
308,23,1,5
262,63,2,3
718,3,8,11
38,165,3,0
325,41,1,4
668,169,4,7
46,169,3,0
591,184,4,6
112,81,2,1
661,118,3,8
355,1,12,5
280,137,3,2
727,156,3,9
435,156,4,4
177,187,4,0
91,189,4,0
41,167,3,0
267,26,2,3
96,109,2,0
637,179,3,6
19,175,4,0
314,189,4,2
188,99,3,1
341,72,2,4
593,200,4,6
761,19,2,12
601,59,2,8
375,143,4,3
174,12,1,3
210,81,2,2
197,123,2,2
627,162,3,7
608,187,5,6
800,46,2,11
763,33,2,11
245,51,1,3
317,140,3,3
542,51,2,7
392,38,1,5
437,35,2,6
232,100,3,2
587,126,3,6
777,188,4,9
31,172,3,0
146,180,3,0
644,113,2,8
506,170,4,5
274,8,2,4
552,31,1,8
759,123,3,9
300,189,4,2
136,45,1,1
15,36,1,0
78,140,2,0
424,198,5,3
491,3,6,8
413,76,2,5
765,78,2,10
622,96,2,8
288,47,1,3
663,8,3,10
682,94,2,9
458,38,2,6
786,149,4,9
376,90,2,4
389,51,1,5
521,60,2,7
534,89,3,6
175,137,3,0
363,74,2,4
224,30,1,3
304,1,10,4
188,93,3,1
137,52,1,2
308,152,4,2
238,28,1,3
441,160,3,4
63,191,3,0
642,15,2,10
186,32,1,2
305,28,2,4
263,8,1,4
400,133,3,4
681,39,2,9
686,53,2,9
561,124,3,6
704,77,2,9
413,35,1,6
742,158,4,8
343,87,2,4
539,118,3,6
420,30,2,5
604,183,4,6
209,85,2,2
137,90,2,1
273,184,3,2
311,148,3,3
204,161,3,1
752,69,3,10
286,78,2,3
355,129,3,4
244,135,3,2
159,125,3,1
17,181,4,0
415,149,3,4
257,168,4,1
524,21,2,8
122,58,2,1
290,175,3,2
485,125,3,6
192,179,4,0
498,49,2,6
604,72,2,8
57,177,3,0
314,65,2,3
343,196,4,2
9,104,3,0
522,122,3,6
156,174,3,0
463,175,4,4
201,196,4,1
268,173,4,2
546,174,3,5
199,71,2,2
245,164,3,1
174,168,4,0
540,142,4,6
467,153,3,5
317,109,2,3
477,41,1,7
113,102,2,0
77,73,2,0
263,79,2,2
307,40,2,4
299,184,4,2
634,47,2,8
286,110,3,2
351,9,2,5
630,179,4,6
421,85,2,5
198,60,1,3
179,23,1,2
86,68,1,1
469,77,2,6
295,12,2,4
238,177,3,0
128,188,3,0
376,69,2,5
513,199,5,4
443,143,3,5
415,148,4,4
37,36,1,0
57,99,2,0
628,129,2,7
487,30,2,6
544,172,3,6
10,78,2,0
625,65,2,8
528,120,3,6
335,68,2,4
715,55,2,9
549,15,2,9
418,126,2,4
533,133,3,6
216,95,2,2
710,60,2,9
486,192,4,4
755,155,4,9
738,50,2,10
527,105,2,6
324,108,2,3
369,134,3,3
783,172,4,9
355,189,4,3
411,47,2,5
106,82,2,0
638,31,1,9
354,11,2,6
716,124,3,8
779,6,5,12
595,54,2,8
353,39,2,4
324,89,2,3
601,85,3,7
682,30,2,10
117,75,2,0
719,146,4,8
309,144,3,2
321,3,3,5
774,106,3,10
203,134,3,1
569,150,3,6
225,67,1,2
419,74,2,5
563,38,1,8
175,136,3,1
316,65,2,4
731,173,4,8
186,106,3,1
86,50,1,1
207,82,2,2
714,130,3,8
551,166,4,6
223,79,2,2
317,77,2,4
135,9,1,1
256,101,2,3
645,163,4,7
435,81,2,5
607,122,3,7
535,109,2,7
146,94,2,1
263,200,3,1
54,154,3,0
152,176,3,0
391,41,1,6
550,72,2,7
285,14,2,4
564,47,2,8
617,84,3,7
522,156,4,5
200,125,2,1
349,94,2,4
110,32,1,1
619,166,4,6
334,28,2,4
519,143,4,5
482,65,1,5
70,90,2,0
506,190,4,5
366,139,3,4
286,146,3,2
113,101,3,0
342,99,2,4
85,45,2,0
185,127,2,2
440,28,1,6
54,150,3,0
509,7,3,8
725,47,2,10
402,116,3,4
196,15,1,3
572,119,3,6
321,48,1,4
326,91,2,3
93,17,0,1
50,145,3,0
64,189,4,0
420,9,2,7
329,152,3,3
79,107,2,0
632,195,4,6
49,139,3,0
221,65,1,2
254,138,3,2
533,102,2,6
319,160,4,2
751,11,3,12
434,105,2,5
486,177,4,4
538,149,4,5
301,48,1,3
441,86,2,5
48,154,3,0
411,168,4,4
593,26,2,8
125,97,2,1
22,4,1,0
314,132,3,2
34,173,4,0
70,59,1,0
481,139,4,5
247,102,2,2
211,175,3,1
613,191,4,6
592,112,3,7
652,116,3,8
176,62,2,1
184,166,4,0
717,65,2,9
230,25,1,2
224,30,2,2
307,113,2,3
268,36,1,4
566,12,3,9
257,39,2,3
557,84,2,7
247,87,3,2
482,66,2,6
746,142,4,8
711,168,3,8
517,98,2,6
248,36,1,3
613,40,2,8
609,116,2,7
83,77,1,0
530,112,3,15
634,68,3,8
672,146,3,8
273,75,2,3
27,85,2,0
521,183,4,5
517,105,3,6
49,65,1,0
681,178,3,7
758,16,2,12
550,18,2,8
384,56,1,4
522,160,4,5
556,98,3,7
555,188,3,5
594,155,3,7
468,182,4,4
75,60,1,0
782,143,3,10
666,141,3,8
577,148,3,7
98,100,2,0
454,22,2,7
34,157,3,0
369,95,2,4
39,191,4,0
131,54,1,2
790,22,2,12
732,111,3,9
134,126,3,0
16,176,3,0
605,49,2,8
432,143,3,5
763,108,3,9
617,97,2,8
473,167,4,4
429,60,2,5
313,10,2,5
75,43,1,0
718,106,3,9
260,89,2,2
598,89,2,7
161,165,3,0
143,10,1,2
543,93,3,6
163,118,3,1
771,45,2,11
547,170,4,5
575,90,3,7
565,114,2,7
352,79,2,4
253,100,3,2
786,55,2,11
750,41,2,10
465,110,2,6
723,88,2,9
43,84,1,0
623,31,1,8
297,130,3,2
514,63,2,6
549,113,3,7
308,172,4,2
26,113,2,0
404,107,2,5
184,103,3,1
177,70,2,2
122,112,2,1
148,179,4,0
391,85,2,5
115,183,4,0
174,140,3,0
712,96,3,9
91,184,4,0
122,86,2,0
374,35,2,5
437,142,3,4
327,115,2,3
720,23,2,10
559,34,2,8
351,112,3,3
581,137,3,7
24,198,4,0
717,181,4,8
620,146,4,7
519,102,3,6
654,185,4,7
262,91,3,2
706,27,1,9
518,95,2,6
199,15,1,3
491,178,4,5
653,67,2,8
2,200,4,0
414,56,1,6
582,2,10,9
179,144,3,0
710,106,3,9
329,43,2,4
528,126,3,6
365,136,3,3
422,108,3,4
80,83,2,0
611,29,2,8
472,105,2,5
430,54,2,5
258,160,3,2
307,126,2,3
477,62,2,6
2,121,2,0
694,116,3,8
572,103,3,6
161,34,1,2
329,46,2,4
538,76,2,7
661,5,5,10
272,178,4,1
72,71,1,0
83,36,1,1
740,169,4,8
448,85,2,5
729,70,3,9
495,98,3,5
242,91,3,2
24,118,2,0
61,87,2,0
362,3,4,5
33,116,2,0
750,133,3,9
620,94,2,8
423,128,3,5
364,159,4,3
29,163,4,0
557,160,3,6
536,142,3,6
564,169,4,6
78,185,4,0
320,168,3,2
75,192,4,0
786,8,4,12
213,52,2,2
782,124,3,10
566,6,4,9
304,80,2,4
311,60,1,4
594,7,3,9
414,23,1,5
239,194,3,0
527,153,4,5
274,73,1,2
481,118,2,6
469,67,2,6
482,118,3,5
128,30,1,2
687,80,2,9
94,178,3,1
215,124,3,1
516,31,1,7
118,127,3,0
148,32,1,2
172,166,4,0
425,74,1,5
553,84,2,7
728,129,3,9
238,81,2,2
597,60,2,7
598,126,3,7
724,44,2,9
769,150,4,9
45,86,2,0
130,50,1,1
149,148,3,0
591,101,3,7
648,51,2,8
36,59,1,0
406,133,3,4
168,139,3,1
16,125,3,0
131,43,2,1
791,177,4,9
54,196,4,0
673,191,4,7
617,119,2,7
757,12,3,12
145,200,4,0
356,14,2,5
274,84,2,3
511,57,2,7
760,116,3,9
592,68,2,7
257,159,3,2
365,61,2,4
338,31,1,5
249,36,1,3
747,134,4,9
546,199,4,5
525,45,2,7
189,53,2,2
12,110,2,0
56,147,3,0
630,61,2,8
267,22,1,4
308,54,2,4
647,4,6,10
389,67,2,5
436,13,2,7
775,192,5,8
502,48,2,7
504,85,3,6
689,186,4,7
622,153,3,7
104,94,3,0
720,79,2,9
743,52,2,10
209,136,3,1
322,98,3,3
285,180,4,1
31,164,3,0
445,103,3,5
684,17,3,10
317,70,2,4
360,113,2,3
53,193,4,0
658,196,5,6
651,120,3,8
274,102,2,3
117,81,1,0
397,171,4,3
607,17,2,9
